
from pprint import pprint
import os, sys
from importlib import reload
sys.path.append('/usersetup/pipeline/playground/projects/2023_02_usdPipeline/work/rnd')
sys.path.append('/usersetup/pipeline/playground/projects/2023_02_usdPipeline/research/USD-Cookbook/tools/export_usdskel_from_scratch/python/convert_maya_to_usdskel')
from path_module import (
                            data_09_mdl_magician, data_12_magician_meshes, data_12_magician_skeleton,
                            data_12_skeleton_dir, data_12_magician_animation, data_12_magician_main
                            
                        )

from pxr import UsdSkel, Usd, Sdf, Gf, Vt, UsdGeom
import skinner
reload(skinner)

def _validate_topology(paths):
    """Check if the order of `paths` will create a correct UsdSkelSkeleton.

    Args:
        paths (list[str]):
            The USD joint paths to check.
            e.g. ["some_joint", "some_joint/another_joint", ...].

    Raises:
        RuntimeError: If `paths` is in an incorrect order.

    Returns:
        `pxr.UsdSkel.Topology`:
            The topology description that was used to validate `paths`.

    """
    topology = UsdSkel.Topology(paths)
    valid, reason = topology.Validate()

    if not valid:
        raise RuntimeError(
            'Topology failed because of reason "{reason}".'.format(reason=reason)
        )

    return topology

def convert_maya_path_to_usd(path):
    """Change an absolute Maya node path into a USD SdfPath-style path.

    Args:
        path (str): Some path like "|group1|pSphere1|pSphereShape1".

    Returns:
        str: The converted USD path. e.g. "/group1/pSphere1/pSphereShape1".

    """
    path = path.replace("|", "/")

    return path

def _setup_meshes(meshes, skeleton, path):
    """Export `meshes` and then bind their USD Prims to a skeleton.

    Args:
        meshes (iter[str]):
            The paths to each Maya mesh that must be written to-disk.
            e.g. ["|some|pSphere1|pSphereShape1"].
        skeleton (`pxr.UsdSkel.Skeleton`):
            The USD Skeleton that the exported meshes will be paired with.
        path (str):
            The location on-disk where the USD meshes are stored. is
            Thpath is added as a reference into `skeleton`.

    Raises:
        RuntimeError: If `skeleton` has no ancestor UsdSkelRoot Prim.

    Returns:
        list[tuple[str, `pxr.UsdSkel.BindingAPI`]]:
            The Maya mesh which represents some USD mesh and the binding
            schema that is used to bind that mesh to the skeleton. We
            return these two values as pairs so that they don't have any
            chance of getting mixed up when other functions use them.

    """
    def _get_default_prim_path(path):
        """`pxr.Sdf.Path`: Get the path of the defaultPrim of some USD file."""
        stage = Usd.Stage.Open(path)
        prim = stage.GetDefaultPrim()

        return prim.GetPath()

    def _add_mesh_group_reference(stage, path, root):
        """Add the meshes in some USD `path` file onto the given `stage` starting at `root`.

        Important:
            `default_added_to_root` must exist on stage before this function is called.

        """
        # Example:
        #     default = Sdf.Path("/group1")
        #     root = Sdf.Path("/Something/SkeletonRoot")
        #     default_added_to_root = Sdf.Path("/Something/SkeletonRoot/group1")
        #
        default = _get_default_prim_path(path)
        # default_added_to_root = root.GetPath().AppendChild(
        #     str(default.MakeRelativePath("/"))
        # )
        # "/Skeleton"

        default_added_to_root = root.GetPath()
        stage.GetPrimAtPath(default_added_to_root).GetReferences().AddReference(
            os.path.relpath(path, os.path.dirname(stage.GetRootLayer().identifier))
        )
        # print(stage.GetRootLayer().ExportToString())

    def _create_mesh_bindings(paths):
        bindings = []

        comment = "The values in this attribute were sorted by elementSize."

        for usd_path in paths:
            # `usd_path` is referenced under the UsdSkelRoot so we need to add
            # its name to the path
            #
            override = stage.OverridePrim(usd_path)
            override.SetMetadata("comment", comment)
            binding = UsdSkel.BindingAPI.Apply(override)
            binding.CreateSkeletonRel().SetTargets([skeleton.GetPath()])
            bindings.append(binding)

        return bindings

    def _get_expected_mesh_paths(meshes, new_root):
        """Make each mesh path relative to the given `new_root` UsdSkelRoot Prim path."""
        relative_paths = [
            Sdf.Path(convert_maya_path_to_usd(mesh).lstrip("/"))
            for mesh in meshes
        ]

        return [path_.MakeAbsolutePath(new_root) for path_ in relative_paths]

    # Note: This is a hacky trick but works well. We include
    # `exportSkin="auto"` to make USD export export joint influences
    # with our meshes. It also will try to link skinning to the mesh but
    # we will override those connections later.
    #
    # Basically, we use `cmds.usdExport` just for the joint influence
    # information and blow away the rest of the data it outputs in
    # other, stronger layers.
    #
    # Reference: https://graphics.pixar.com/usd/docs/Maya-USD-Plugins.html
    #
    # cmds.usdExport(meshes, file=path, exportSkin="auto")
    # cmds.file(path, es=True, pr=True, typ="USD Export", op=";exportUVs=1;exportSkels=auto;exportSkin=auto;exportBlendShapes=1;exportDisplayColor=0;filterTypes=nurbsCurve;exportColorSets=1;exportComponentTags=0;defaultMeshScheme=catmullClark;animation=1;eulerFilter=0;staticSingleSample=0;startTime=1;endTime=30;frameStride=1;frameSample=0.0;defaultUSDFormat=usda;parentScope=;shadingMode=useRegistry;convertMaterialsTo=[];exportInstances=1;exportVisibility=1;mergeTransformAndShape=1;stripNamespaces=0;worldspace=0;materialsScopeName=mtl")

    path = data_09_mdl_magician

    root = UsdSkel.Root.Find(skeleton)

    if not root:
        raise RuntimeError(
            'Skeleton "{skeleton}" has no UsdSkelRoot.'.format(
                skeleton=skeleton.GetPath()
            )
        )

    root = root.GetPrim()
    stage = root.GetStage()
    print(stage.GetRootLayer().ExportToString())
    bindings = _create_mesh_bindings(
        _get_expected_mesh_paths(meshes, root.GetPath())
    )
    # Note: We add the mesh into an explicit `over` Prim instead of
    # adding it directly onto `root` as a reference. This is so that we
    # can have better control over what kind of meshes are loaded. e.g.
    # In the future, we can switch this part to use a variant set to
    # load different mesh LODs, for example.
    #
    
    _add_mesh_group_reference(stage, path, root)
    
    return list(zip(meshes, bindings))



def _setup_skeleton(root, path):
    """Create a skeleton and place it under some skeleton root.

    Args:
        root (`pxr.Usd.SkelRoot`):
            The start of a USD skeleton / mesh definition.
        path (str):
            The path in USD namespace where the created skeleton will be
            written to.

    Returns:
        `pxr.Usd.Skeleton`: The created skeleton.

    """
    if not path.startswith(str(root.GetPath())):
        raise ValueError('Path "{path}" must be a child of "{root}".'.format(path=path, root=root))

    skeleton = UsdSkel.Skeleton.Define(root.GetStage(), path)

    return skeleton

def _setup_joints(joints, skeleton):
    """Add the given USD joints to a Skeleton.

    This function defines the `joints` USD Property onto `skeleton`.

    Args:
        joints (list[str]):
            The Maya joints, in "topology-order" that will be applied to
            `skeleton`. These paths must work with USD's SdfPath syntax.
            e.g. ["some_joint", "some_joint/some_child"].
        skeleton (`pxr.UsdSkel.Skeleton`):
            A USD node that `joints` will be added directly into.

    """
    attribute = skeleton.GetJointsAttr()
    attribute.Set(joints)
    attribute.SetMetadata(
        "comment",
        "These joint paths are generated automatically by converting "
        'the absolute paths of Maya joint nodes to "SdfPath-style" syntax. '
        'Note, these paths are relative (they don\'t contain a leading "/").',
    )

def _setup_bind_transforms(nodes, skeleton, time_code):
    """Create the world-space bind transforms for all every joint in a skeleton.

    Args:
        nodes (list[str]):
            Every Maya node, listed in "topology-order". This list must
            match the order of USD's `skel:joints` relationship.
        skeleton (`pxr.UsdSkel.Skeleton`):
            The skeleton that the created `skel:bindTransforms` Property
            will be added onto.
        time_code (float or int):
            The time which is used to sample the transform for each node
            in `nodes`.

    """
    # transforms = animator.get_node_transforms_at_time(nodes, time_code, "world")
    transforms = [Gf.Matrix4d(1.0, 0.0, 0.0, 0.0,
            0.0, 0.9984681126446496, 0.05533017288813891, 0.0,
            0.0, -0.05533017288813891, 0.9984681126446496, 0.0,
            0.0, 13.996277827669129, -0.3985960702549005, 1.0), Gf.Matrix4d(-0.9972217181186072, -0.07262304244623113, 0.01657524112723973, 0.0,
            -0.07225719114321222, 0.9971500151590517, 0.02169667247290307, 0.0,
            -0.018103680307233645, 0.02043871263450929, -0.9996271883983435, 0.0,
            1.282671472999863, 13.256222760103249, -0.4743037208669336, 1.0), Gf.Matrix4d(-0.9972217181186072, -0.07262304244623113, 0.01657524112723973, 0.0,
            -0.0741573169741014, 0.9888956305737385, -0.12878712735118664, 0.0,
            -0.007038270510280097, -0.12965849581890507, -0.9915337297390356, 0.0,
            1.4252819830486199, 11.317482686180833, -0.38880902862316447, 1.0), Gf.Matrix4d(-0.9972217181186072, -0.07262304244623113, 0.01657524112723973, 0.0,
            -0.0741573169741014, 0.9888956305737385, -0.12878712735118664, 0.0,
            -0.007038270510280097, -0.12965849581890507, -0.9915337297390356, 0.0,
            1.5694198739683456, 9.41307418823941, -0.06100106514050985, 1.0), Gf.Matrix4d(-0.9972217181186072, -0.07262304244623113, 0.01657524112723973, 0.0,
            -0.06945176833009266, 0.9869043156762776, 0.14558957234418046, 0.0,
            -0.02693133469392787, 0.14403390366643248, -0.9892062160167677, 0.0,
            1.7120303867817723, 7.47433407744981, 0.024493631904593943, 1.0), Gf.Matrix4d(-0.9981858270039322, -0.05718162381682334, 0.018849845255258187, 0.0,
            -0.05446109560982404, 0.991001472537791, 0.12227048087297065, 0.0,
            -0.025671849046250653, 0.12102207784367774, -0.9923177983090623, 0.0,
            1.8368613271914234, 5.512543214176553, -0.24420616788040814, 1.0), Gf.Matrix4d(-0.9981858270039322, -0.05718162381682334, 0.018849845255258187, 0.0,
            -0.05446109560982404, 0.991001472537791, 0.12227048087297065, 0.0,
            -0.025671849046250653, 0.12102207784367774, -0.9923177983090623, 0.0,
            1.936872595136923, 3.544713570539659, -0.47426364594345216, 1.0), Gf.Matrix4d(-0.1269670022056665, -6.776442121325665e-08, -0.991906941376509, 0.0,
            -1.523868490595215e-08, 0.9999999999999977, -6.63667208689045e-08, 0.0,
            0.9919069413765115, 6.688973751625693e-09, -0.12696700220566726, 0.0,
            2.0617035355465725, 1.5829227072664094, -0.742963445728454, 1.0), Gf.Matrix4d(-0.9854614906547282, -0.06530474299761677, 0.15684687111503537, 0.0,
            -0.16779547039292542, 0.22927743666262196, -0.9587890994129179, 0.0,
            0.02665202716826902, -0.9711679296493643, -0.2369019245772166, 0.0,
            2.295156064173059, 0.528468456372287, 1.080842526274843, 1.0), Gf.Matrix4d(-0.9854614906547282, -0.06530474299761677, 0.15684687111503537, 0.0,
            -0.16779547039292542, 0.22927743666262196, -0.9587890994129179, 0.0,
            0.02665202716826902, -0.9711679296493643, -0.2369019245772166, 0.0,
            2.4705757403549744, 0.10398917307671801, 2.7189662115966264, 1.0), Gf.Matrix4d(-0.9972217190880972, 0.0726230288607182, -0.01657524232328693, 0.0,
            -0.07225717746937071, -0.9971500160719925, -0.02169667605384438, 0.0,
            -0.018103681480302718, -0.02043871636676066, 0.9996271883007879, 0.0,
            -1.2826714729998612, 13.256222760103249, -0.47430372086693295, 1.0), Gf.Matrix4d(-0.9972217190880972, 0.0726230288607182, -0.01657524232328693, 0.0,
            -0.07415730363187956, -0.9888956320372426, 0.12878712379625631, 0.0,
            -0.007038273725112863, 0.1296584922662543, 0.9915337301807802, 0.0,
            -1.4252819566483712, 11.317482683931722, -0.3888090355886088, 1.0), Gf.Matrix4d(-0.9972217190880972, 0.0726230288607182, -0.01657524232328693, 0.0,
            -0.07415730363187956, -0.9888956320372426, 0.12878712379625631, 0.0,
            -0.007038273725112863, 0.1296584922662543, 0.9915337301807802, 0.0,
            -1.5694198219896913, 9.413074182875599, -0.0610010789539408, 1.0), Gf.Matrix4d(-0.9972217190880972, 0.0726230288607182, -0.01657524232328693, 0.0,
            -0.06945175461637966, -0.9869043161189622, -0.14558957588533028, 0.0,
            -0.026931334160909617, -0.1440339074831321, 0.9892062154755468, 0.0,
            -1.7120303084028747, 7.474334069836868, 0.024493611125720266, 1.0), Gf.Matrix4d(-0.9981858277588757, 0.057181610225723885, -0.018849846506581076, 0.0,
            -0.05446108187361636, -0.9910014728566902, -0.12227048440660843, 0.0,
            -0.0256718488325935, -0.12102208165398913, 0.9923177978498882, 0.0,
            -1.8368612215821847, 5.512543205792424, -0.24420619567923782, 1.0), Gf.Matrix4d(-0.9981858277588757, 0.057181610225723885, -0.018849846506581076, 0.0,
            -0.05446108187361636, -0.9910014728566902, -0.12227048440660843, 0.0,
            -0.0256718488325935, -0.12102208165398913, 0.9923177978498882, 0.0,
            -1.9368724622708804, 3.5447135615892034, -0.47426368074722014, 1.0), Gf.Matrix4d(-0.1269670036333896, 6.979933916961834e-08, 0.9919069411937563, 0.0,
            -1.5675852124176493e-08, -0.9999999999999978, 6.836228316764448e-08, 0.0,
            0.9919069411937588, -6.8692322663377325e-09, 0.12696700363339036, 0.0,
            -2.0617033754501883, 1.582922697544756, -0.7429634875521791, 1.0), Gf.Matrix4d(-0.9854614903697488, 0.06530474315733573, -0.15684687283904708, 0.0,
            -0.16779547216280996, -0.2292774386532056, 0.9587890986271618, 0.0,
            0.026652026562598425, 0.9711679291686791, 0.2369019266159028, 0.0,
            -2.2951558931924714, 0.5284684493452079, 1.0808424874022293, 1.0), Gf.Matrix4d(-0.9854614903697488, 0.06530474315733573, -0.15684687283904708, 0.0,
            -0.16779547216280996, -0.2292774386532056, 0.9587890986271618, 0.0,
            0.026652026562598425, 0.9711679291686791, 0.2369019266159028, 0.0,
            -2.4705755724165153, 0.10398916266847646, 2.7189661715221, 1.0), Gf.Matrix4d(0.9999975021455836, 6.774214418166008e-05, 0.0022340800333819706, 0.0,
            2.563978579241968e-09, 0.9995405651425362, -0.030309381955745368, 0.0,
            -0.002235106841662774, 0.030309306253049922, 0.9995380684355475, 0.0,
            -4.982680523428647e-16, 14.372804642054033, -0.3777308410969381, 1.0), Gf.Matrix4d(0.9999975021455836, 6.774214418166008e-05, 0.0022340800333819706, 0.0,
            2.563978579241968e-09, 0.9995405651425362, -0.030309381955745368, 0.0,
            -0.002235106841662774, 0.030309306253049922, 0.9995380684355475, 0.0,
            -0.00024192961890182892, 15.239591851540483, -0.2957197340609695, 1.0), Gf.Matrix4d(0.9999975021455836, 6.774214418166008e-05, 0.0022340800333819706, 0.0,
            0.00013441438233172289, 0.9959088510006734, -0.0903633909904459, 0.0,
            -0.0022310614889502027, 0.09036346556833838, 0.9959063542598331, 0.0,
            -0.0004838592378031604, 16.106379061026946, -0.21370862702500093, 1.0), Gf.Matrix4d(0.9999975021455836, 6.774214418166008e-05, 0.0022340800333819706, 0.0,
            0.00013441438233172289, 0.9959088510006734, -0.0903633909904459, 0.0,
            -0.0022310614889502027, 0.09036346556833838, 0.9959063542598331, 0.0,
            -0.000358745175696348, 17.15142943962931, -0.3013962788560013, 1.0), Gf.Matrix4d(0.9999975021455836, 6.774214418166008e-05, 0.0022340800333819706, 0.0,
            0.00019999555602219135, 0.9928191847767933, -0.11962452232264466, 0.0,
            -0.002226141139107242, 0.11962467032408172, 0.9928166913108801, 0.0,
            -0.00023363111358953696, 18.196479818231666, -0.3890839306870007, 1.0), Gf.Matrix4d(0.9999975021455836, 6.774214418166008e-05, 0.0022340800333819706, 0.0,
            -4.918077105256613e-05, 0.9999654926332212, -0.008307293425110399, 0.0,
            -0.002234565695031808, 0.008307162800922196, 0.9999629981966099, 0.0,
            -0.0001645786248588028, 21.30678946258444, -0.5142948936182221, 1.0), Gf.Matrix4d(0.9999975021455836, 6.774214418166008e-05, 0.0022340800333819706, 0.0,
            -4.918077105256613e-05, 0.9999654926332212, -0.008307293425110399, 0.0,
            -0.002234565695031808, 0.008307162800922196, 0.9999629981966099, 0.0,
            -0.00017459792224933077, 21.454704270111925, -0.5142949152521573, 1.0), Gf.Matrix4d(0.9999975021455836, 6.774214418166008e-05, 0.0022340800333819706, 0.0,
            -6.774213377201281e-05, 0.9999999977054984, -8.033024696645075e-08, 0.0,
            -0.002234080033697613, -7.101130216312368e-08, 0.999997504440085, 0.0,
            -0.0001846172196398586, 21.60261907763941, -0.5142949368860926, 1.0), Gf.Matrix4d(-0.999997502281433, -6.774214418610051e-05, -0.0022340192249767393, 0.0,
            -0.0022340192249770724, -7.566378484329637e-08, 0.9999975045759346, 0.0,
            -6.774214417507389e-05, 0.999999997705498, -7.567365648300723e-08, 0.0,
            0.40846038216202457, 22.419061239502785, 0.4107335213892762, 1.0), Gf.Matrix4d(-0.999997502281433, -6.774214418610051e-05, -0.0022340192249767393, 0.0,
            -0.0022340192249770724, -7.566378484329637e-08, 0.9999975045759346, 0.0,
            -6.774214417507389e-05, 0.999999997705498, -7.567365648300723e-08, 0.0,
            0.4079204753744089, 22.419061221216776, 0.6524080074805593, 1.0), Gf.Matrix4d(0.9999975021455836, 6.774214418166008e-05, 0.0022340800333819706, 0.0,
            -0.0022340800336976135, -7.10112928372503e-08, 0.999997504440085, 0.0,
            6.774213377199198e-05, -0.9999999977054984, 8.033025629230089e-08, 0.0,
            -0.413069396878335, 22.41900558275887, 0.4088981785067569, 1.0), Gf.Matrix4d(0.9999975021455836, 6.774214418166008e-05, 0.0022340800333819706, 0.0,
            -0.0022340800336976135, -7.10112928372503e-08, 0.999997504440085, 0.0,
            6.774213377199198e-05, -0.9999999977054984, 8.033025629230089e-08, 0.0,
            -0.41360931837749365, 22.41900556559725, 0.6505726645651735, 1.0), Gf.Matrix4d(0.9999975021455836, 6.774214418166008e-05, 0.0022340800333819706, 0.0,
            -6.774213377201281e-05, 0.9999999977054984, -8.033024696645075e-08, 0.0,
            -0.002234080033697613, -7.101130216312368e-08, 0.999997504440085, 0.0,
            -0.0004044089835551811, 24.847372270311958, -0.5142951975049797, 1.0), Gf.Matrix4d(0.9999975021455836, 6.774214418166008e-05, 0.0022340800333819706, 0.0,
            -0.00205027355241384, -0.3702017304821887, 0.9289491240785758, 0.0,
            0.000889989299894469, -0.92895138417411, -0.3702006668822345, 0.0,
            -0.0012286501296173737, 21.396260165154207, -0.0407181049302861, 1.0), Gf.Matrix4d(0.9999975021455836, 6.774214418166008e-05, 0.0022340800333819706, 0.0,
            -0.00205027355241384, -0.3702017304821887, 0.9289491240785758, 0.0,
            0.000889989299894469, -0.92895138417411, -0.3702006668822345, 0.0,
            -0.002915467238914144, 21.0916851533217, 0.7235535533579891, 1.0), Gf.Matrix4d(-0.5742651399798656, -0.8186687605891632, -0.0010047085688139473, 0.0,
            -0.776918886254264, 0.5445914492088898, 0.31593859787939016, 0.0,
            -0.25810190465267546, 0.18221310019854364, -0.9487791064998723, 0.0,
            1.2165266055081796, 20.54008607862159, -0.21930303708463472, 1.0), Gf.Matrix4d(-0.7506352762985627, -0.6596450623632997, 0.037617465038173294, 0.0,
            -0.6588464448961578, 0.7515771495079098, 0.032452278583471494, 0.0,
            -0.04967941247512897, -0.00042430800538392766, -0.9987651255119203, 0.0,
            2.850377812911584, 19.3525396159316, -0.9481791230131673, 1.0), Gf.Matrix4d(-0.7506352517574194, -0.6596450903585358, 0.0376174638293696, 0.0,
            -0.6585259930024329, 0.7423001131060142, -0.12383076605980545, 0.0,
            0.05376090921138467, -0.11772381597908499, -0.9915900704384284, 0.0,
            3.5285788961492575, 18.582877397043966, -0.9115536293914728, 1.0), Gf.Matrix4d(-0.7506352517574194, -0.6596450903585358, 0.0376174638293696, 0.0,
            -0.6585259930024329, 0.7423001131060142, -0.12383076605980545, 0.0,
            0.05376090921138467, -0.11772381597908499, -0.9915900704384284, 0.0,
            4.198583560606501, 17.83011533150319, -0.7421294563089021, 1.0), Gf.Matrix4d(-0.7507736129055489, -0.6594921652116973, 0.03753753040805595, 0.0,
            -0.6253774109766386, 0.6913395312316101, -0.361873937161291, 0.0,
            0.2127018476762839, -0.29516052679998517, -0.9314709804466534, 0.0,
            4.876784643844203, 17.06045311261556, -0.7055039626872102, 1.0), Gf.Matrix4d(-0.7675428181598117, -0.6404018400890102, 0.027631603317634486, 0.0,
            -0.6320923246129253, 0.7490152432842886, -0.19858363098001344, 0.0,
            0.10647683060986472, -0.16988716413663363, -0.9796943584633374, 0.0,
            5.685241962926091, 16.13850973863653, -0.3312499938639315, 1.0), Gf.Matrix4d(-0.7675428181598117, -0.6404018400890102, 0.027631603317634486, 0.0,
            -0.6320923246129253, 0.7490152432842886, -0.19858363098001344, 0.0,
            0.10647683060986472, -0.16988716413663363, -0.9796943584633374, 0.0,
            6.4893258345476275, 15.16845848761057, -0.13609385668034377, 1.0), Gf.Matrix4d(0.1918189972100431, -0.03898783760025348, -0.9806556076567294, 0.0,
            -0.644926372549403, 0.7481756863796957, -0.15589456789939732, 0.0,
            0.7397806744566943, 0.6623542034512405, 0.1183700252212124, 0.0,
            7.297783169132678, 14.246515095260603, 0.2381601170135442, 1.0), Gf.Matrix4d(0.0063746734628626345, -0.49117737512657617, -0.8710362505097066, 0.0,
            -0.6760408892324776, 0.6397205803468422, -0.3656860609408844, 0.0,
            0.7368365352125275, 0.5911872505767237, -0.32797797964426056, 0.0,
            7.4549223322944345, 13.858404997775146, -0.10838711322056607, 1.0), Gf.Matrix4d(0.027844707236529376, -0.08927022022949835, -0.995618149723622, 0.0,
            -0.35522517907302037, 0.9301098623957107, -0.09333121678609414, 0.0,
            0.9343659585148916, 0.3562674159313603, -0.005812393150694151, 0.0,
            8.102043757207248, 13.107160206721762, -0.1720579484018267, 1.0), Gf.Matrix4d(0.02330084541284951, -0.09042423020402483, -0.9956307192905689, 0.0,
            -0.2450178249129737, 0.9650113489442141, -0.09337752343997853, 0.0,
            0.9692385341483083, 0.24612304849582395, 0.0003300320593744837, 0.0,
            8.233099349741316, 12.764008577670117, -0.13762463994051002, 1.0), Gf.Matrix4d(-0.013184313010674614, -0.09903022040488461, -0.9949970800645579, 0.0,
            -0.11445290938731514, 0.9886928719350216, -0.09688620395937629, 0.0,
            0.993341182788278, 0.11260293260585505, -0.02436953313762013, 0.0,
            8.298400025349183, 12.506819563371483, -0.11273822390891561, 1.0), Gf.Matrix4d(-0.013184313010674614, -0.09903022040488461, -0.9949970800645579, 0.0,
            -0.11445287978344092, 0.9886928752908501, -0.09688620468564493, 0.0,
            0.9933411861992401, 0.11260290314051129, -0.024369530250186233, 0.0,
            8.332896818144953, 12.208821608346396, -0.08353614055941139, 1.0), Gf.Matrix4d(0.13133917324128955, -0.14364624239793883, -0.980875006622784, 0.0,
            -0.5104950632723045, 0.8383694539499508, -0.19113201997118925, 0.0,
            0.8497910401662869, 0.5258349700510738, 0.0367800533507735, 0.0,
            8.180072558588604, 13.128515995180509, 0.12618131616188985, 1.0), Gf.Matrix4d(0.13566879630716608, -0.14126787051507886, -0.9806311062110455, 0.0,
            -0.40257885097664514, 0.8965274157096642, -0.18484821239945753, 0.0,
            0.9052757847500884, 0.41985947844616484, 0.06475933835382669, 0.0,
            8.43395929895063, 12.711566052734794, 0.22123783908830724, 1.0), Gf.Matrix4d(0.12680440287971695, -0.14560698059092114, -0.9811825776141324, 0.0,
            -0.2659615138533381, 0.9479570645700673, -0.17504821301727566, 0.0,
            0.9556071978376673, 0.283153687835592, 0.08147927654284184, 0.0,
            8.572608858260132, 12.4027988872961, 0.28490020808337535, 1.0), Gf.Matrix4d(0.12680440287971695, -0.14560698059092114, -0.9811825776141324, 0.0,
            -0.2659615138533381, 0.9479570645700673, -0.17504821301727566, 0.0,
            0.9556071978376673, 0.283153687835592, 0.08147927654284184, 0.0,
            8.660434424366661, 12.089765380037173, 0.3427044683529631, 1.0), Gf.Matrix4d(0.3356118517664985, -0.09633462036545215, -0.9370615379327579, 0.0,
            -0.44704947209484613, 0.8593121775640519, -0.24845392126075733, 0.0,
            0.8291631048554805, 0.5022969464461946, 0.245329009978941, 0.0,
            8.084484734722174, 13.176382671858322, 0.7512690883259106, 1.0), Gf.Matrix4d(0.33592661305181626, -0.09693336994639296, -0.9368869902151329, 0.0,
            -0.4540614055408545, 0.8548114632943676, -0.25124808898538015, 0.0,
            0.8252160630051976, 0.5098051431786241, 0.24314021746067327, 0.0,
            8.277206156536845, 12.805936279881415, 0.8583766817253827, 1.0), Gf.Matrix4d(0.35845663152716, -0.08068991527763736, -0.9300526764042394, 0.0,
            -0.425697768086301, 0.8725206217633977, -0.23976900309246718, 0.0,
            0.8308370800346737, 0.4818681377411265, 0.27841128617452815, 0.0,
            8.430440009654276, 12.51745976088891, 0.9431663431806238, 1.0), Gf.Matrix4d(0.35845663152716, -0.08068991527763736, -0.9300526764042394, 0.0,
            -0.425697768086301, 0.8725206217633977, -0.23976900309246718, 0.0,
            0.8308370800346737, 0.4818681377411265, 0.27841128617452815, 0.0,
            8.56916480589325, 12.233126005691389, 1.0213013692583817, 1.0), Gf.Matrix4d(0.24857683531575314, -0.10356189679084965, -0.9630599620363657, 0.0,
            -0.4496443675653011, 0.8683078512553493, -0.2094311776338911, 0.0,
            0.857921616268762, 0.4850942269099885, 0.16927519415849202, 0.0,
            8.213113717795636, 13.184644951459674, 0.4594180253619629, 1.0), Gf.Matrix4d(0.2480205612242044, -0.10385755667726354, -0.9631715367114311, 0.0,
            -0.3794500920062253, 0.9043802394960944, -0.19522809758191534, 0.0,
            0.8913492182565131, 0.4138961105519302, 0.18489613512317246, 0.0,
            8.43027146156913, 12.76529182079034, 0.5605637429116885, 1.0), Gf.Matrix4d(0.24720394712206692, -0.1042747647267308, -0.9633363804863052, 0.0,
            -0.40876270548624377, 0.8901751836921987, -0.20124908184169707, 0.0,
            0.8785233401172879, 0.443525552566867, 0.17743118409518266, 0.0,
            8.555503360083197, 12.4668144812311, 0.6249958934917295, 1.0), Gf.Matrix4d(0.24720394712206692, -0.1042747647267308, -0.9633363804863052, 0.0,
            -0.40876270548624377, 0.8901751836921987, -0.20124908184169707, 0.0,
            0.8785233401172879, 0.443525552566867, 0.17743118409518266, 0.0,
            8.708538474101136, 12.13354518239549, 0.7003407719357806, 1.0), Gf.Matrix4d(0.8067124133669008, 0.4398967993283731, 0.3945958540841539, 0.0,
            -0.09499087896665864, 0.75558383598191, -0.6481279192536018, 0.0,
            -0.5832596463264809, 0.4853698308954883, 0.6513250434488094, 0.0,
            7.367549342826903, 13.805191177646693, 0.4842380739240498, 1.0), Gf.Matrix4d(0.8067124133669008, 0.4398967993283731, 0.3945958540841539, 0.0,
            -0.08418981257345758, 0.7464798730229601, -0.6600605083100116, 0.0,
            -0.5849163680207591, 0.49925805462934497, 0.6392294089832897, 0.0,
            7.410315708078657, 13.465015641566115, 0.7760352954551974, 1.0), Gf.Matrix4d(0.8067124525906239, 0.4398967658487815, 0.39459581121826687, 0.0,
            -0.12524410349576656, 0.7798411169401519, -0.6133202645185285, 0.0,
            -0.5775196389515787, 0.4453522961940561, 0.6842020161472193, 0.0,
            7.443536516364788, 13.170459055615055, 1.0364913081208855, 1.0), Gf.Matrix4d(0.8067125980253467, 0.439895991217586, 0.39459637745155757, 0.0,
            -0.12524387396309578, 0.7798419696276466, -0.6133192271908556, 0.0,
            -0.5775194855776825, 0.44535156822219646, 0.684202619448449, 0.0,
            7.4842832461602615, 12.916746716555535, 1.2360280042881768, 1.0), Gf.Matrix4d(0.1918189972100431, -0.03898783760025348, -0.9806556076567294, 0.0,
            -0.644926372549403, 0.7481756863796957, -0.15589456789939732, 0.0,
            0.7397806744566943, 0.6623542034512405, 0.1183700252212124, 0.0,
            7.297783169132681, 14.246515095260605, 0.2381601170135444, 1.0), Gf.Matrix4d(-0.5743748169158142, 0.8185909428195265, -0.001561418189867797, 0.0,
            -0.7754256965449625, -0.5446966200685212, -0.3194066079837557, 0.0,
            -0.26231385558274395, -0.1822483481948947, 0.9476164734477487, 0.0,
            -1.218057899769506, 20.53992114547329, -0.22474203380247515, 1.0), Gf.Matrix4d(-0.7505490773573411, 0.6595433601354983, -0.0409711920649207, 0.0,
            -0.6585930282183514, -0.7516664033834207, -0.03539549698498834, 0.0,
            -0.05414153359691534, 0.0004172838470642426, 0.9985331843328819, 0.0,
            -2.848475202024037, 19.352153529001168, -0.960910647225221, 1.0), Gf.Matrix4d(-0.7505490528256441, 0.6595433881340512, -0.04097119074648645, 0.0,
            -0.6589721212712606, -0.7423893694712926, 0.12088741656298002, 0.0,
            0.04931391983794819, 0.11773080847710532, 0.9918203436336358, 0.0,
            -3.526728869616814, 18.582399413696024, -0.9273155339110127, 1.0), Gf.Matrix4d(-0.7505490528256441, 0.6595433881340512, -0.04097119074648645, 0.0,
            -0.6589721212712606, -0.7423893694712926, 0.12088741656298002, 0.0,
            0.04931391983794819, 0.11773080847710532, 0.9918203436336358, 0.0,
            -4.197381857949459, 17.82954650862166, -0.7608864473853394, 1.0), Gf.Matrix4d(-0.7506877490195388, 0.6593904442179763, -0.0408918762836576, 0.0,
            -0.6268943706653147, -0.6914243664003081, 0.3590763060633093, 0.0,
            0.20849784531288781, 0.29518907097308406, 0.9324119587810586, 0.0,
            -4.875635512587095, 17.059792407911612, -0.7272913364477334, 1.0), Gf.Matrix4d(-0.7674984605414984, 0.6402978442252784, -0.031060968222054137, 0.0,
            -0.6328718087112363, -0.7491009398808918, 0.1957576450822108, 0.0,
            0.10207539764800551, 0.16990130237883944, 0.9801602729375312, 0.0,
            -5.685632031511409, 16.137739390868845, -0.356653065523452, 1.0), Gf.Matrix4d(-0.7674984605414984, 0.6402978442252784, -0.031060968222054137, 0.0,
            -0.6328718087112363, -0.7491009398808918, 0.1957576450822108, 0.0,
            0.10207539764800551, 0.16990130237883944, 0.9801602729375312, 0.0,
            -6.4904484208350866, 15.167579123941048, -0.16509127777841534, 1.0), Gf.Matrix4d(0.18743015282826975, 0.03901354018493594, 0.9815028688154762, 0.0,
            -0.6455151041351073, -0.7482631094142289, 0.15301166433704128, 0.0,
            0.7403919152342313, -0.6622539262035284, -0.11506323949810708, 0.0,
            -7.300444939759407, 14.245526106898282, 0.20554699314586614, 1.0), Gf.Matrix4d(0.002416200327044815, 0.491177978954235, 0.8710558850994653, 0.0,
            -0.677581369701388, -0.6398122817467614, 0.3626620073285785, 0.0,
            0.7354438451775708, -0.5910875037728647, 0.33126713310256617, 0.0,
            -7.4559815461521435, 13.857394823042611, -0.1416987666794566, 1.0), Gf.Matrix4d(0.02338383433776839, 0.08927370029612472, 0.9957325959950802, 0.0,
            -0.3555126160541499, -0.9301580124005482, 0.0917434019066036, 0.0,
            0.9343789253391788, -0.3561408126043682, 0.009987265867187067, 0.0,
            -8.102710229635493, 13.106062375943978, -0.20826012044731182, 1.0), Gf.Matrix4d(0.018839805388069186, 0.09042709458656666, 0.9957248627495309, 0.0,
            -0.2453018409174856, -0.9650445661150392, 0.09228213399314412, 0.0,
            0.969263673401326, -0.24599171932499708, 0.004000680954483363, 0.0,
            -8.233871868213681, 12.762892982590165, -0.1744126151106794, 1.0), Gf.Matrix4d(-0.017643323426727933, 0.0990281413437167, 0.9949282086464676, 0.0,
            -0.1147506982107708, -0.9887083990456317, 0.0963741610431175, 0.0,
            0.9932376303778471, -0.11246834611851031, 0.02880765042079085, 0.0,
            -8.299248238060187, 12.505695115451157, -0.14981813567985736, 1.0), Gf.Matrix4d(-0.017643323426727933, 0.0990281413437167, 0.9949282086464676, 0.0,
            -0.1147506982107708, -0.9887083990456317, 0.0963741610431175, 0.0,
            0.9932376303778471, -0.11246834611851031, 0.02880765042079085, 0.0,
            -8.333834786195979, 12.20769248046188, -0.12077038513395202, 1.0), Gf.Matrix4d(0.12693577215835175, 0.14366374925384287, 0.9814520043776426, 0.0,
            -0.5112303608538453, -0.8384386717406205, 0.1888494423372002, 0.0,
            0.8500181338582198, -0.5257198121434589, -0.03298258983216007, 0.0,
            -8.182073701168955, 13.127407504259606, 0.08962752172093927, 1.0), Gf.Matrix4d(0.1312667639895299, 0.14128596410589053, 0.9812274522343869, 0.0,
            -0.4032792701183734, -0.8965820090346572, 0.1830478936458171, 0.0,
            0.9056129785755666, -0.4197367954111809, -0.0607137184946167, 0.0,
            -8.436326130291533, 12.710423137427613, 0.18354884033920438, 1.0), Gf.Matrix4d(0.12239940718322818, 0.14562387290068324, 0.9817393099813209, 0.0,
            -0.2666125423445616, -0.9479931436059951, 0.1738584249916953, 0.0,
            0.9560000718544764, -0.2830241815065091, -0.07720864781102624, 0.0,
            -8.575216916396542, 12.40163716985754, 0.24659117328119617, 1.0), Gf.Matrix4d(0.12239940718322818, 0.14562387290068324, 0.9817393099813209, 0.0,
            -0.2666125423445616, -0.9479931436059951, 0.1738584249916953, 0.0,
            0.9560000718544764, -0.2830241815065091, -0.07720864781102624, 0.0,
            -8.663257464534677, 12.08859174861261, 0.30400254284497785, 1.0), Gf.Matrix4d(0.33140858222922825, 0.09637981839508891, 0.9385516939577396, 0.0,
            -0.4480386846340737, -0.8593728154201132, 0.2464542578010718, 0.0,
            0.8303190282633429, -0.5021845225841176, -0.24162163930571331, 0.0,
            -8.08928625862241, 13.175286948870726, 0.7151361331773142, 1.0), Gf.Matrix4d(0.3317240391350177, 0.0969786106702414, 0.9383785541733246, 0.0,
            -0.45506364240451713, -0.8548730520917905, 0.24921706636745558, 0.0,
            0.8263632634752607, -0.50969325469319, -0.23945050198063939, 0.0,
            -8.282434126411381, 12.804814416131855, 0.8213816788412244, 1.0), Gf.Matrix4d(0.3542865696582297, 0.08073821085562458, 0.9316449795215113, 0.0,
            -0.4266465993894457, -0.872578363906083, 0.23786483151656818, 0.0,
            0.8321380328943186, -0.48175547755144055, -0.2746961122039362, 0.0,
            -8.436006208268289, 12.516317112530421, 0.9054859232631851, 1.0), Gf.Matrix4d(0.3542865696582297, 0.08073821085562458, 0.9316449795215113, 0.0,
            -0.4266465993894457, -0.872578363906083, 0.23786483151656818, 0.0,
            0.8321380328943186, -0.48175547755144055, -0.2746961122039362, 0.0,
            -8.57504020610433, 12.231964540539437, 0.9830004250307985, 1.0), Gf.Matrix4d(0.24425729312095598, 0.10359529433592486, 0.9641609770928695, 0.0,
            -0.45045797866911197, -0.8683688291818021, 0.20742031230996694, 0.0,
            0.8587351071259177, -0.4849779288760259, -0.16544009276036825, 0.0,
            -8.216611062881517, 13.183531885407902, 0.42271325659993886, 1.0), Gf.Matrix4d(0.24370048600252076, 0.10389087881464365, 0.9642700650861545, 0.0,
            -0.3801960563440844, -0.904431701965148, 0.19353101875624923, 0.0,
            0.8922225237363945, -0.4137752793238705, -0.18091154290954473, 0.0,
            -8.434161743752169, 12.764149305178245, 0.5228878178130622, 1.0), Gf.Matrix4d(0.2428830869949674, 0.10430797616495424, 0.9644312583902322, 0.0,
            -0.40953720389457526, -0.8902306197647889, 0.19942096745180296, 0.0,
            0.8793674343970262, -0.4434064610958792, -0.17350396416341746, 0.0,
            -8.559639836780363, 12.465654981191179, 0.5867598725919839, 1.0), Gf.Matrix4d(0.2428830869949674, 0.10430797616495424, 0.9644312583902322, 0.0,
            -0.40953720389457526, -0.8902306197647889, 0.19942096745180296, 0.0,
            0.8793674343970262, -0.4434064610958792, -0.17350396416341746, 0.0,
            -8.712964912312566, 12.13236492785528, 0.6614203302453346, 1.0), Gf.Matrix4d(0.8085270420137526, -0.43978737422488556, -0.3909873243531972, 0.0,
            -0.09778343800058703, -0.7555968898588356, 0.6476972589786377, 0.0,
            -0.5802778830743742, -0.4854486641325071, -0.6539244397533155, 0.0,
            -7.371250114702871, 13.804192668226138, 0.4513109108358325, 1.0), Gf.Matrix4d(0.8085270420137526, -0.43978737422488556, -0.3909873243531972, 0.0,
            -0.08703702879399312, -0.746491466993539, 0.6596779860845352, 0.0,
            -0.581986750666375, -0.4993371157627031, -0.6418363240504387, 0.0,
            -7.415273733257666, 13.464011255087945, 0.7429142424397385, 1.0), Gf.Matrix4d(0.8085269396142725, -0.43978810147575104, -0.3909867180843017, 0.0,
            -0.12787832356656087, -0.7798578388993016, 0.6127551594798019, 0.0,
            -0.5743964852606469, -0.4454303277816476, -0.6867754369606921, 0.0,
            -7.449618036397443, 13.169450094223823, 1.0032193140696637, 1.0), Gf.Matrix4d(0.8085269396142725, -0.43978810147575104, -0.3909867180843017, 0.0,
            -0.12787832356656087, -0.7798578388993016, 0.6127551594798019, 0.0,
            -0.5743964852606469, -0.4454303277816476, -0.6867754369606921, 0.0,
            -7.4912217794051985, 12.91573231486705, 1.202572159806696, 1.0), Gf.Matrix4d(0.18743015282826975, 0.03901354018493594, 0.9815028688154762, 0.0,
            -0.6455151041351073, -0.7482631094142289, 0.15301166433704128, 0.0,
            0.7403919152342313, -0.6622539262035284, -0.11506323949810708, 0.0,
            -7.300444939759407, 14.24552610689828, 0.20554699314586752, 1.0)]
    attribute = skeleton.CreateBindTransformsAttr(transforms)
    attribute.SetMetadata(
        "comment",
        "This is an array of all world-space transforms for every "
        "joint in the skeleton. It defines the location of "
        'each joint at "bind-time".',
    )

def _setup_rest_transforms(skeleton):
    """Describe the position for every joint in a Skeleton when it is not animated.

    The UsdSkel documentation states that animation can be authored
    sparsely. If a joint has no transform information, it falls back to
    the transform that's authored on its restTransforms Property.

    That means that every transform in restTransform must be in
    local-space, because joint animations are also in local-space (they
    have to match in order to be a valid fallback value).

    Important:
        The order of `nodes` has to match the order of the joints
        Property that is authored on `skeleton`. (You can author the
